function Dmatrix = EEheightDmatrix(dp1,dp2,nj1,nj2,nk1,nk2,vj1,vj2,vk1,vk2)
%EEHEIGHTDMATRIX
%    DMATRIX = EEHEIGHTDMATRIX(DP1,DP2,NJ1,NJ2,NK1,NK2,VJ1,VJ2,VK1,VK2)

%    This function was generated by the Symbolic Math Toolbox version 8.5.
%    01-Apr-2021 16:41:20

t2 = nj1.^2;
t3 = nj2.^2;
t4 = nk1.^2;
t5 = nk2.^2;
t6 = dp1.*nj1.*nj2;
t7 = dp2.*nj1.*nj2;
t8 = dp1.*nj1.*nk1;
t9 = dp1.*nj1.*nk2;
t10 = dp2.*nj1.*nk1;
t11 = dp1.*nj2.*nk2;
t12 = dp2.*nj1.*nk2;
t13 = dp2.*nj2.*nk2;
t14 = dp1.*nk1.*nk2;
t15 = dp2.*nk1.*nk2;
t16 = nj1.*nj2.*vj1;
t17 = nj1.*nk1.*vj1;
t18 = nj1.*nj2.*vk1;
t19 = nj1.*nk2.*vj1;
t20 = nj1.*nk2.*vj2;
t21 = nj2.*nk2.*vj2;
t22 = nj1.*nk1.*vk1;
t23 = nj1.*nk2.*vk1;
t24 = nj1.*nk2.*vk2;
t25 = nk1.*nk2.*vj2;
t26 = nj2.*nk2.*vk2;
t27 = nk1.*nk2.*vk2;
t36 = vj1./2.0;
t37 = vj2./2.0;
t38 = vk1./2.0;
t39 = vk2./2.0;
t40 = nj1.*nj2.*nk1.*nk2.*2.0;
t28 = dp1.*t3;
t29 = dp2.*t3;
t30 = dp1.*t4;
t31 = dp2.*t4;
t32 = t3.*vj2;
t33 = t4.*vj1;
t34 = t3.*vk2;
t35 = t4.*vk1;
t41 = -t7;
t42 = -t8;
t43 = -t9;
t44 = -t12;
t45 = -t13;
t46 = -t14;
t47 = -t17;
t48 = -t18;
t49 = -t19;
t50 = -t20;
t51 = -t21;
t52 = -t27;
t53 = -t36;
t54 = -t38;
t55 = -t40;
t58 = t2.*t5;
t59 = t3.*t4;
t56 = -t34;
t57 = -t35;
t60 = t55+t58+t59;
t61 = t10+t28+t41+t43;
t62 = t6+t29+t42+t44;
t63 = t15+t30+t43+t45;
t64 = t11+t31+t44+t46;
t65 = 1.0./t60;
t66 = t16+t22+t24+t32+t47+t48+t50+t56;
t67 = t23+t25+t26+t33+t49+t51+t52+t57;
t68 = t65.*(t7+t9-t10-t28).*(-1.0./2.0);
t69 = (t62.*t65)./2.0;
t70 = t65.*(t9+t13-t15-t30).*(-1.0./2.0);
t71 = (t64.*t65)./2.0;
t72 = (t65.*t66)./2.0;
t73 = t65.*(t19+t21-t23-t25-t26+t27-t33+t35).*(-1.0./2.0);
t74 = t53+t54+t73;
Dmatrix = reshape([t70,-t69,t69+t71,t68+t70,t74,-t37-t39-t72,(t65.*(t7+t9-t10-t28))./2.0,t71,t37+t39+t72,t74,dp1./2.0,dp2./2.0],[2,6]);
